g++ -g src/main.cpp src/reader.cpp -o bin/exec -I/home/micaellgoms/gurobi910/linux64/include/ -L/home/micaellgoms/gurobi910/linux64/lib -lgurobi_c++ -lgurobi91 -lm && ./bin/exec

Reading -> 80_5_10_8-

disciplinas: 80
dias: 5
salas: 10
horario: 8

MAT (disciplina x salas): 

[1] [1] [1] [1] [1] [1] [1] [1] [1] [1] 
[1] [1] [1] [1] [1] [1] [1] [1] [1] [1] 
[1] [1] [1] [1] [1] [1] [1] [1] [1] [1] 
[1] [1] [1] [1] [1] [1] [1] [1] [1] [1] 
[1] [1] [1] [1] [1] [1] [0] [1] [1] [1] 
[1] [1] [1] [1] [1] [1] [1] [1] [0] [1] 
[1] [1] [1] [1] [1] [1] [1] [1] [1] [1] 
[1] [0] [1] [1] [1] [1] [1] [1] [1] [1] 
[1] [1] [1] [1] [1] [1] [1] [1] [1] [0] 
[1] [1] [1] [1] [1] [1] [1] [1] [1] [1] 
[0] [1] [1] [1] [1] [1] [0] [1] [1] [1] 
[1] [1] [1] [1] [1] [1] [1] [1] [1] [1] 
[1] [1] [1] [1] [0] [1] [1] [1] [1] [1] 
[1] [1] [0] [1] [1] [1] [1] [1] [1] [1] 
[1] [1] [1] [1] [1] [1] [1] [1] [1] [1] 
[1] [1] [0] [1] [1] [1] [1] [1] [1] [1] 
[1] [1] [1] [1] [1] [1] [1] [1] [1] [1] 
[1] [1] [1] [1] [1] [1] [1] [1] [1] [1] 
[1] [1] [1] [1] [1] [1] [1] [1] [1] [0] 
[1] [1] [1] [1] [1] [1] [1] [1] [1] [1] 
[1] [1] [1] [1] [1] [1] [1] [1] [1] [1] 
[1] [1] [1] [1] [1] [0] [1] [1] [1] [1] 
[1] [0] [1] [1] [1] [1] [1] [1] [1] [1] 
[1] [1] [1] [1] [0] [1] [1] [1] [1] [1] 
[1] [1] [0] [1] [1] [1] [1] [1] [1] [1] 
[1] [1] [1] [1] [1] [1] [1] [1] [1] [1] 
[1] [1] [1] [1] [1] [1] [1] [1] [1] [1] 
[1] [1] [1] [0] [1] [1] [1] [1] [1] [1] 
[1] [1] [1] [1] [1] [1] [0] [1] [0] [0] 
[1] [1] [1] [1] [1] [0] [1] [1] [1] [1] 
[1] [1] [1] [1] [1] [1] [1] [1] [1] [1] 
[1] [1] [1] [1] [1] [1] [1] [1] [1] [1] 
[1] [1] [1] [1] [1] [1] [1] [0] [1] [1] 
[1] [1] [1] [1] [1] [1] [1] [1] [1] [1] 
[1] [1] [1] [1] [0] [1] [1] [1] [1] [1] 
[1] [1] [1] [1] [1] [0] [1] [1] [0] [1] 
[0] [1] [1] [1] [1] [1] [1] [1] [1] [1] 
[1] [1] [1] [1] [1] [1] [1] [1] [1] [1] 
[1] [1] [1] [1] [1] [1] [1] [1] [1] [1] 
[1] [1] [1] [1] [1] [1] [1] [1] [1] [1] 
[1] [1] [1] [1] [1] [0] [1] [1] [1] [1] 
[1] [1] [1] [1] [1] [1] [1] [1] [1] [1] 
[1] [1] [1] [0] [1] [1] [1] [1] [1] [0] 
[1] [1] [1] [1] [1] [0] [1] [1] [1] [1] 
[1] [1] [1] [1] [1] [1] [1] [1] [1] [1] 
[1] [1] [1] [0] [0] [1] [1] [1] [1] [1] 
[1] [1] [1] [1] [1] [1] [1] [1] [1] [1] 
[1] [1] [1] [1] [1] [1] [1] [1] [1] [1] 
[1] [1] [1] [1] [1] [1] [1] [1] [1] [0] 
[1] [1] [1] [1] [1] [1] [1] [1] [1] [1] 
[1] [1] [1] [1] [1] [1] [1] [1] [1] [1] 
[0] [1] [1] [1] [1] [1] [1] [1] [1] [1] 
[1] [1] [1] [1] [1] [1] [1] [1] [1] [1] 
[1] [1] [1] [1] [1] [1] [1] [1] [1] [1] 
[1] [1] [1] [1] [1] [1] [1] [1] [1] [1] 
[1] [1] [1] [1] [1] [1] [1] [1] [1] [1] 
[1] [1] [1] [1] [1] [1] [1] [1] [1] [1] 
[1] [1] [1] [1] [1] [1] [1] [1] [1] [1] 
[1] [1] [1] [1] [1] [1] [1] [1] [1] [1] 
[1] [1] [1] [1] [1] [1] [1] [1] [1] [1] 
[1] [0] [1] [1] [1] [1] [1] [1] [1] [1] 
[1] [1] [1] [1] [1] [1] [1] [1] [1] [1] 
[1] [1] [1] [1] [1] [1] [1] [1] [1] [1] 
[0] [1] [1] [1] [1] [1] [1] [1] [0] [1] 
[1] [1] [1] [1] [1] [1] [1] [1] [1] [1] 
[1] [1] [1] [1] [1] [1] [1] [1] [0] [1] 
[1] [1] [1] [1] [1] [1] [1] [1] [1] [1] 
[1] [1] [1] [1] [1] [1] [1] [1] [1] [1] 
[1] [1] [1] [1] [1] [1] [1] [1] [1] [1] 
[1] [1] [1] [1] [1] [1] [1] [1] [1] [1] 
[1] [1] [1] [1] [1] [1] [1] [1] [1] [1] 
[1] [1] [1] [1] [1] [1] [1] [1] [1] [1] 
[1] [1] [1] [1] [1] [1] [1] [1] [1] [1] 
[1] [1] [1] [1] [1] [1] [1] [1] [1] [1] 
[0] [1] [1] [1] [1] [1] [1] [1] [0] [1] 
[1] [1] [1] [1] [1] [1] [1] [1] [1] [0] 
[1] [1] [1] [1] [1] [1] [1] [1] [1] [1] 
[0] [1] [1] [1] [1] [1] [1] [1] [1] [1] 
[1] [1] [1] [1] [1] [1] [1] [1] [0] [1] 
[1] [1] [1] [1] [1] [1] [1] [1] [1] [1] 

MAT (disciplina x horario): 

[0] [0] [0] [0] [0] [0] [0] [0] 
[0] [0] [0] [0] [0] [0] [0] [0] 
[0] [0] [0] [0] [1] [0] [0] [0] 
[0] [1] [1] [0] [0] [0] [0] [0] 
[0] [0] [0] [0] [0] [0] [0] [0] 
[0] [0] [0] [0] [0] [0] [0] [0] 
[0] [0] [0] [0] [0] [0] [0] [0] 
[0] [0] [0] [0] [0] [0] [0] [0] 
[0] [0] [1] [0] [0] [0] [0] [0] 
[0] [0] [0] [0] [1] [0] [0] [0] 
[1] [0] [1] [0] [0] [0] [0] [0] 
[0] [0] [1] [1] [0] [0] [0] [0] 
[0] [0] [0] [0] [0] [0] [0] [0] 
[0] [0] [0] [0] [0] [0] [0] [0] 
[0] [0] [0] [0] [0] [0] [1] [0] 
[0] [0] [0] [0] [0] [0] [0] [0] 
[0] [0] [0] [0] [0] [0] [0] [0] 
[0] [0] [0] [0] [0] [0] [0] [0] 
[0] [1] [0] [0] [0] [0] [0] [0] 
[0] [0] [0] [1] [0] [0] [1] [0] 
[0] [0] [1] [0] [0] [0] [0] [1] 
[0] [0] [0] [0] [0] [0] [0] [1] 
[0] [1] [0] [0] [0] [0] [0] [0] 
[0] [1] [0] [1] [0] [0] [0] [0] 
[0] [0] [1] [0] [0] [0] [0] [0] 
[1] [0] [0] [0] [0] [0] [0] [0] 
[0] [0] [0] [0] [0] [0] [0] [0] 
[0] [0] [1] [0] [0] [0] [0] [0] 
[0] [0] [0] [0] [1] [0] [0] [0] 
[0] [0] [0] [0] [0] [0] [0] [0] 
[0] [0] [0] [0] [0] [0] [0] [0] 
[0] [0] [0] [0] [0] [0] [0] [0] 
[0] [0] [0] [0] [0] [0] [0] [0] 
[0] [0] [0] [0] [0] [0] [0] [0] 
[0] [0] [0] [0] [0] [0] [0] [0] 
[0] [0] [1] [0] [0] [0] [0] [0] 
[0] [0] [0] [1] [0] [0] [0] [1] 
[0] [0] [0] [1] [0] [0] [0] [0] 
[0] [0] [0] [0] [0] [0] [0] [0] 
[0] [0] [0] [0] [0] [0] [0] [0] 
[0] [0] [0] [0] [0] [0] [0] [0] 
[0] [0] [0] [0] [0] [0] [0] [0] 
[0] [0] [0] [0] [0] [0] [1] [0] 
[0] [0] [0] [0] [0] [0] [0] [0] 
[0] [0] [0] [0] [0] [0] [0] [0] 
[0] [1] [1] [0] [0] [0] [0] [0] 
[0] [1] [0] [0] [0] [0] [0] [0] 
[1] [0] [0] [0] [0] [0] [0] [0] 
[0] [0] [0] [0] [0] [0] [0] [0] 
[0] [0] [1] [0] [0] [0] [0] [0] 
[0] [1] [0] [0] [0] [0] [0] [0] 
[0] [0] [1] [1] [0] [0] [0] [0] 
[0] [0] [0] [0] [0] [0] [0] [0] 
[0] [0] [1] [0] [1] [0] [0] [0] 
[0] [0] [0] [0] [0] [0] [0] [0] 
[0] [0] [0] [0] [0] [0] [0] [0] 
[0] [0] [0] [0] [0] [0] [0] [0] 
[0] [0] [0] [0] [0] [0] [0] [1] 
[0] [0] [0] [0] [0] [0] [0] [0] 
[0] [0] [0] [0] [0] [0] [0] [0] 
[0] [0] [0] [0] [0] [0] [1] [0] 
[0] [0] [0] [0] [0] [0] [0] [0] 
[0] [0] [0] [0] [1] [0] [0] [0] 
[0] [0] [0] [1] [0] [0] [0] [1] 
[0] [0] [0] [0] [0] [0] [1] [0] 
[0] [0] [0] [0] [0] [0] [0] [0] 
[0] [0] [0] [0] [0] [0] [1] [0] 
[0] [1] [0] [0] [0] [0] [0] [0] 
[0] [0] [0] [0] [1] [0] [0] [0] 
[0] [0] [0] [1] [0] [0] [0] [0] 
[1] [0] [1] [0] [0] [0] [0] [0] 
[0] [0] [1] [0] [0] [0] [0] [0] 
[0] [0] [0] [0] [0] [0] [0] [0] 
[1] [0] [0] [0] [0] [0] [0] [0] 
[0] [0] [0] [0] [0] [0] [0] [0] 
[0] [0] [0] [0] [0] [0] [0] [0] 
[1] [0] [0] [1] [0] [0] [0] [0] 
[0] [1] [0] [0] [0] [0] [0] [0] 
[1] [1] [0] [0] [0] [0] [0] [0] 
[0] [0] [0] [0] [1] [0] [1] [0] 
Academic license - for non-commercial use only - expires 2021-02-07
Gurobi Optimizer version 9.1.0 build v9.1.0rc0 (linux64)
Thread count: 2 physical cores, 4 logical processors, using up to 4 threads
Optimize a model with 1281 rows, 32010 columns and 128010 nonzeros
Model fingerprint: 0x3dfa2d47
Variable types: 0 continuous, 32010 integer (32010 binary)
Coefficient statistics:
  Matrix range     [1e+00, 3e+03]
  Objective range  [1e+00, 4e+02]
  Bounds range     [1e+00, 1e+00]
  RHS range        [1e+00, 2e+00]
Found heuristic solution: objective -389.0000000
Presolve removed 42 rows and 1650 columns
Presolve time: 0.33s
Presolved: 1239 rows, 30360 columns, 91080 nonzeros
Variable types: 0 continuous, 30360 integer (30360 binary)

Root relaxation: objective -3.120000e+02, 1339 iterations, 0.21 seconds

    Nodes    |    Current Node    |     Objective Bounds      |     Work
 Expl Unexpl |  Obj  Depth IntInf | Incumbent    BestBd   Gap | It/Node Time

*    0     0               0    -312.0000000 -312.00000  0.00%     -    0s

Explored 0 nodes (1339 simplex iterations) in 0.62 seconds
Thread count was 4 (of 4 available processors)

Solution count 2: -312 -389 
No other solutions better than -312

Optimal solution found (tolerance 1.00e-04)
Best objective -3.120000000000e+02, best bound -3.120000000000e+02, gap 0.0000%
X_0_2_8_7 1
X_0_3_1_0 1
X_1_1_0_1 1
X_1_2_1_3 1
X_2_0_8_4 1
X_2_2_0_4 1
X_3_0_8_2 1
X_3_2_6_2 1
X_4_0_3_7 1
X_4_0_4_3 1
X_5_2_0_0 1
X_5_4_9_5 1
X_6_1_7_2 1
X_6_3_0_3 1
X_7_2_4_2 1
X_7_4_7_7 1
X_8_1_4_2 1
X_8_4_2_2 1
X_9_1_0_4 1
X_9_1_2_4 1
X_10_0_5_0 1
X_10_2_4_0 1
X_11_0_0_3 1
X_11_0_9_3 1
X_12_1_5_0 1
X_12_3_3_7 1
X_13_0_5_2 1
X_13_0_8_6 1
X_14_2_2_6 1
X_14_2_4_6 1
X_15_1_8_6 1
X_15_4_9_0 1
X_16_2_0_3 1
X_16_2_9_2 1
X_17_2_6_5 1
X_17_3_0_7 1
X_18_3_4_1 1
X_18_4_8_1 1
X_19_1_7_3 1
X_19_3_2_6 1
X_20_0_6_7 1
X_20_2_7_7 1
X_21_1_9_7 1
X_21_3_8_7 1
X_22_1_9_1 1
X_22_4_0_1 1
X_23_1_9_3 1
X_23_4_7_1 1
X_24_0_9_2 1
X_24_4_0_2 1
X_25_4_0_0 1
X_25_4_3_0 1
X_26_2_8_5 1
X_26_3_9_4 1
X_27_3_4_2 1
X_27_3_6_2 1
X_28_3_2_4 1
X_28_3_7_4 1
X_29_0_2_3 1
X_29_2_0_1 1
X_30_3_0_5 1
X_30_4_5_7 1
X_31_1_7_5 1
X_31_4_5_4 1
X_32_0_3_2 1
X_32_3_1_7 1
X_33_3_9_0 1
X_33_4_1_1 1
X_34_0_7_1 1
X_34_3_1_6 1
X_35_3_2_2 1
X_35_4_3_2 1
X_36_1_8_7 1
X_36_2_9_3 1
X_37_3_4_3 1
X_37_3_5_3 1
X_38_2_6_1 1
X_38_3_2_7 1
X_39_1_4_0 1
X_39_1_5_7 1
X_40_0_9_4 1
X_40_2_1_0 1
X_41_0_0_7 1
X_41_0_5_7 1
X_42_0_0_6 1
X_42_0_7_6 1
X_43_1_8_2 1
X_43_4_2_7 1
X_44_3_7_3 1
X_44_4_8_6 1
X_45_0_7_2 1
X_45_2_1_1 1
X_46_3_5_1 1
X_46_3_8_1 1
X_47_0_9_0 1
X_47_4_1_0 1
X_48_4_1_7 1
X_48_4_6_3 1
X_49_2_3_2 1
X_49_2_5_2 1
X_50_1_3_1 1
X_50_3_1_1 1
X_51_1_5_3 1
X_51_4_4_2 1
X_52_0_2_0 1
X_52_1_3_2 1
X_53_3_1_2 1
X_53_4_0_4 1
X_54_2_3_3 1
X_54_3_4_6 1
X_55_1_7_7 1
X_55_3_3_2 1
X_56_0_3_6 1
X_56_3_0_1 1
X_57_1_2_7 1
X_57_1_6_7 1
X_58_3_0_2 1
X_58_3_5_0 1
X_59_1_5_6 1
X_59_1_9_0 1
X_60_3_9_6 1
X_60_4_3_6 1
X_61_1_5_1 1
X_61_4_0_3 1
X_62_4_7_4 1
X_62_4_8_4 1
X_63_4_3_7 1
X_63_4_4_7 1
X_64_0_2_6 1
X_64_1_6_6 1
X_65_0_4_7 1
X_65_4_9_4 1
X_66_1_2_6 1
X_66_3_6_6 1
X_67_0_1_1 1
X_67_0_5_1 1
X_68_2_3_4 1
X_68_3_0_4 1
X_69_0_8_3 1
X_69_4_2_3 1
X_70_1_9_2 1
X_70_4_6_0 1
X_71_1_6_2 1
X_71_2_7_2 1
X_72_0_6_6 1
X_72_1_1_7 1
X_73_1_1_0 1
X_73_1_7_0 1
X_74_3_5_4 1
X_74_4_1_4 1
X_75_1_5_4 1
X_75_4_8_7 1
X_76_0_0_0 1
X_76_3_2_3 1
X_77_2_4_1 1
X_77_4_3_1 1
X_78_0_6_0 1
X_78_1_2_0 1
X_79_3_8_6 1
X_79_4_6_4 1
Y_9 1
Obj: -312
