
Reading -> 80_5_5_8-1

disciplinas: 80
dias: 5
salas: 5
horario: 8

MAT (disciplina x salas): 

[1] [1] [1] [1] [1] 
[1] [1] [1] [1] [1] 
[1] [1] [1] [1] [1] 
[1] [1] [1] [1] [1] 
[1] [1] [1] [1] [1] 
[1] [1] [1] [1] [1] 
[1] [1] [1] [1] [1] 
[1] [1] [1] [1] [1] 
[1] [1] [1] [1] [1] 
[1] [0] [1] [1] [1] 
[1] [1] [1] [1] [1] 
[1] [1] [1] [0] [1] 
[1] [1] [1] [1] [1] 
[1] [1] [1] [1] [1] 
[1] [0] [1] [1] [1] 
[1] [1] [1] [1] [1] 
[1] [1] [1] [1] [1] 
[1] [1] [1] [1] [0] 
[1] [1] [1] [1] [1] 
[1] [1] [1] [1] [1] 
[0] [1] [1] [1] [1] 
[1] [0] [1] [1] [1] 
[1] [1] [1] [1] [1] 
[1] [1] [1] [1] [1] 
[1] [1] [1] [1] [0] 
[1] [1] [1] [1] [1] 
[1] [1] [0] [1] [1] 
[1] [1] [1] [1] [1] 
[1] [1] [1] [1] [1] 
[1] [1] [1] [1] [1] 
[1] [1] [0] [1] [1] 
[1] [1] [1] [1] [1] 
[1] [1] [1] [1] [1] 
[1] [1] [1] [1] [1] 
[1] [1] [1] [1] [1] 
[1] [1] [1] [1] [1] 
[1] [1] [1] [1] [1] 
[1] [1] [1] [1] [0] 
[1] [1] [1] [1] [1] 
[1] [1] [1] [1] [1] 
[1] [1] [1] [1] [1] 
[1] [1] [1] [1] [1] 
[1] [1] [1] [1] [1] 
[0] [1] [1] [1] [1] 
[1] [0] [1] [1] [1] 
[1] [1] [1] [1] [1] 
[1] [1] [1] [1] [0] 
[1] [1] [1] [1] [1] 
[1] [1] [0] [1] [1] 
[1] [1] [1] [1] [1] 
[1] [1] [1] [1] [1] 
[1] [1] [1] [1] [1] 
[1] [1] [1] [1] [1] 
[1] [1] [1] [1] [1] 
[1] [1] [1] [0] [1] 
[1] [1] [1] [1] [1] 
[1] [1] [1] [1] [1] 
[1] [0] [1] [0] [0] 
[1] [1] [1] [1] [1] 
[0] [1] [1] [1] [1] 
[1] [1] [1] [1] [1] 
[1] [1] [1] [1] [1] 
[1] [1] [1] [1] [1] 
[1] [1] [1] [1] [1] 
[1] [1] [1] [1] [1] 
[1] [1] [0] [1] [1] 
[1] [1] [1] [1] [1] 
[1] [1] [1] [1] [1] 
[1] [1] [1] [1] [0] 
[1] [1] [1] [1] [1] 
[1] [1] [1] [1] [1] 
[0] [1] [1] [0] [1] 
[0] [1] [1] [1] [1] 
[1] [1] [1] [1] [1] 
[1] [1] [1] [1] [1] 
[1] [1] [1] [1] [1] 
[1] [1] [1] [1] [1] 
[1] [1] [1] [1] [1] 
[1] [1] [1] [1] [1] 
[1] [1] [1] [1] [1] 

MAT (disciplina x horario): 

[0] [0] [0] [0] [0] [1] [0] [0] 
[0] [0] [0] [0] [0] [0] [0] [0] 
[0] [0] [0] [0] [0] [0] [0] [1] 
[0] [0] [0] [0] [0] [1] [0] [1] 
[0] [0] [0] [1] [0] [0] [0] [0] 
[0] [0] [0] [0] [0] [0] [0] [0] 
[0] [0] [0] [0] [1] [1] [0] [0] 
[0] [0] [0] [0] [0] [0] [0] [0] 
[0] [0] [0] [0] [0] [1] [0] [0] 
[0] [0] [0] [0] [0] [0] [0] [0] 
[0] [0] [0] [0] [0] [0] [0] [0] 
[1] [1] [0] [0] [0] [0] [0] [0] 
[0] [0] [0] [0] [0] [0] [0] [0] 
[0] [0] [0] [0] [0] [0] [1] [0] 
[0] [0] [0] [0] [0] [0] [0] [0] 
[0] [0] [0] [0] [0] [0] [0] [1] 
[0] [0] [0] [0] [0] [0] [0] [0] 
[0] [0] [0] [1] [0] [0] [0] [0] 
[0] [0] [0] [0] [0] [0] [0] [0] 
[0] [0] [0] [0] [0] [0] [0] [0] 
[0] [0] [0] [0] [0] [0] [0] [0] 
[0] [0] [0] [0] [0] [0] [0] [0] 
[0] [0] [0] [0] [0] [0] [0] [0] 
[0] [0] [0] [0] [0] [0] [0] [0] 
[0] [0] [0] [0] [0] [0] [1] [0] 
[0] [1] [0] [0] [0] [0] [0] [1] 
[0] [0] [0] [0] [0] [0] [1] [1] 
[0] [0] [0] [0] [0] [1] [0] [0] 
[0] [0] [0] [0] [0] [0] [1] [0] 
[0] [0] [0] [0] [0] [0] [1] [0] 
[0] [0] [0] [0] [0] [0] [0] [0] 
[0] [0] [0] [0] [0] [0] [0] [0] 
[0] [0] [1] [0] [0] [0] [0] [0] 
[0] [0] [0] [0] [0] [0] [0] [0] 
[1] [0] [0] [0] [0] [0] [1] [0] 
[0] [0] [0] [0] [0] [0] [1] [0] 
[0] [1] [0] [0] [0] [0] [0] [0] 
[0] [0] [0] [0] [0] [0] [0] [0] 
[1] [0] [0] [0] [0] [1] [0] [0] 
[0] [0] [0] [1] [0] [0] [0] [0] 
[0] [0] [0] [0] [0] [0] [0] [0] 
[0] [0] [0] [0] [0] [0] [0] [0] 
[0] [0] [0] [0] [1] [0] [0] [0] 
[0] [0] [0] [0] [1] [0] [0] [0] 
[0] [0] [0] [0] [0] [0] [0] [1] 
[0] [0] [0] [0] [0] [0] [0] [0] 
[0] [0] [1] [0] [0] [0] [0] [0] 
[0] [0] [0] [0] [0] [0] [0] [0] 
[0] [0] [0] [0] [1] [0] [0] [0] 
[0] [0] [0] [0] [0] [0] [0] [0] 
[0] [0] [0] [0] [0] [0] [0] [0] 
[0] [0] [0] [0] [0] [0] [0] [0] 
[0] [0] [0] [0] [1] [0] [0] [0] 
[0] [1] [1] [0] [0] [0] [0] [0] 
[0] [0] [0] [0] [0] [0] [0] [0] 
[0] [0] [0] [0] [0] [0] [0] [0] 
[0] [0] [0] [0] [0] [0] [0] [0] 
[0] [0] [0] [0] [0] [0] [0] [0] 
[0] [0] [1] [0] [0] [0] [0] [0] 
[0] [0] [0] [0] [1] [0] [0] [0] 
[1] [0] [1] [0] [0] [0] [0] [0] 
[0] [0] [1] [1] [0] [0] [0] [0] 
[0] [0] [0] [0] [0] [0] [0] [0] 
[0] [0] [0] [0] [0] [0] [0] [0] 
[0] [0] [0] [0] [0] [0] [1] [0] 
[0] [0] [0] [0] [0] [0] [0] [0] 
[0] [0] [0] [0] [0] [0] [0] [0] 
[0] [0] [0] [0] [0] [0] [0] [0] 
[0] [1] [0] [0] [0] [0] [0] [0] 
[0] [0] [0] [1] [0] [0] [1] [0] 
[0] [0] [1] [0] [0] [0] [0] [1] 
[0] [0] [0] [0] [0] [0] [0] [1] 
[0] [1] [0] [0] [0] [0] [0] [0] 
[0] [1] [0] [1] [0] [0] [0] [0] 
[0] [0] [1] [0] [0] [0] [0] [0] 
[1] [0] [0] [0] [0] [0] [0] [0] 
[0] [0] [0] [0] [0] [0] [0] [0] 
[0] [0] [1] [0] [0] [0] [0] [0] 
[0] [0] [0] [0] [1] [0] [0] [0] 
[0] [0] [0] [0] [0] [0] [0] [0] 
