# disciplinas	 #dias 	 #salas 	 #horarios 
40 		 5 	 15 		 8 

# (j,k): 1 se disciplina j pode ser lecionada na sala k, 0 caso contrario 

1  1  1  1  1  1  1  1  1  1  1  1  1  1  1  
1  1  1  1  1  1  1  1  1  1  1  1  1  1  1  
1  1  1  1  1  1  1  1  1  1  1  1  1  1  1  
1  0  1  1  1  1  1  1  1  1  1  1  1  0  1  
1  1  1  1  1  1  1  1  1  1  1  0  1  1  1  
1  1  1  1  1  1  1  1  1  1  1  1  1  1  0  
1  1  1  1  1  1  1  1  1  1  0  1  1  1  1  
1  0  1  1  1  1  1  1  1  1  1  1  1  1  1  
1  1  1  1  0  1  1  1  1  1  1  1  0  1  1  
1  1  1  1  1  1  1  1  1  1  1  1  1  1  1  
1  1  0  1  1  1  1  1  1  1  1  1  1  1  1  
1  1  1  1  1  1  1  1  1  1  1  1  1  1  1  
1  1  1  1  1  1  1  1  1  0  1  1  1  1  1  
1  1  1  1  1  1  1  1  1  1  1  1  1  1  1  
1  1  1  1  1  0  1  1  1  1  1  0  1  1  1  
1  1  1  1  1  1  1  1  1  0  1  1  1  1  1  
1  1  0  1  1  1  1  1  1  1  1  1  1  1  1  
1  1  1  1  1  1  1  1  1  1  1  1  1  1  1  
1  1  1  0  1  1  1  1  1  1  1  1  1  1  1  
1  0  1  0  0  1  1  1  1  1  0  1  1  1  1  
1  1  1  1  1  1  1  1  1  1  1  1  1  1  1  
1  1  1  1  1  1  1  1  1  1  1  1  0  1  1  
1  1  1  1  1  1  1  1  1  1  1  1  1  1  0  
1  1  1  1  1  1  1  1  1  1  0  1  1  0  1  
0  1  1  1  1  1  1  1  1  1  1  1  1  1  1  
1  1  1  1  1  1  1  1  1  1  1  1  1  1  1  
1  1  1  1  1  1  1  1  1  1  1  1  1  1  1  
0  1  1  1  1  1  1  1  1  1  1  1  1  1  1  
1  1  1  0  1  1  1  1  1  0  1  1  1  1  1  
0  1  1  1  1  1  1  1  1  1  1  1  1  1  1  
1  1  1  0  0  1  1  1  1  1  1  1  1  1  1  
1  1  1  1  1  1  1  1  1  1  1  1  1  1  1  
1  1  1  1  1  1  1  1  1  0  1  1  1  1  1  
1  1  1  1  1  1  1  1  1  1  1  1  1  1  1  
0  1  1  1  1  1  1  1  1  1  1  1  1  1  1  
1  1  1  1  1  1  1  1  1  1  1  1  1  1  1  
1  1  1  1  1  1  1  1  1  1  1  1  1  1  1  
1  1  1  1  1  1  1  1  1  1  1  1  1  1  1  
1  1  1  1  1  1  1  1  1  1  1  1  1  1  1  
1  1  1  1  1  1  1  1  1  1  1  1  1  1  1  


# (j,h): 1 se disciplina j tem preferencia pelo horário h, e 0 caso contrario 

0  1  0  0  0  0  0  1  
0  0  0  0  0  0  1  1  
0  0  0  0  0  1  0  0  
0  0  0  0  0  0  1  0  
0  0  0  0  0  0  1  0  
0  0  0  0  0  0  0  0  
0  0  0  0  0  0  0  0  
0  0  1  0  0  0  0  0  
0  0  0  0  0  0  0  0  
1  0  0  0  0  0  1  0  
0  0  0  0  0  0  1  0  
0  1  0  0  0  0  0  0  
0  0  0  0  0  0  0  0  
1  0  0  0  0  1  0  0  
0  0  0  1  0  0  0  0  
0  0  0  0  0  0  0  0  
0  0  0  0  0  0  0  0  
0  0  0  0  1  0  0  0  
0  0  0  0  1  0  0  0  
0  0  0  0  0  0  0  1  
0  0  0  0  0  0  0  0  
0  0  1  0  0  0  0  0  
0  0  0  0  0  0  0  0  
0  0  0  0  1  0  0  0  
0  0  0  0  0  0  0  0  
0  0  0  0  0  0  0  0  
0  0  0  0  0  0  0  0  
0  0  0  0  1  0  0  0  
0  1  1  0  0  0  0  0  
0  0  0  0  0  0  0  0  
0  0  0  0  0  0  0  0  
0  0  0  0  0  0  0  0  
0  0  0  0  0  0  0  0  
0  0  1  0  0  0  0  0  
0  0  0  0  1  0  0  0  
1  0  1  0  0  0  0  0  
0  0  1  1  0  0  0  0  
0  0  0  0  0  0  0  0  
0  0  0  0  0  0  0  0  
0  0  0  0  0  0  1  0  
